#Radio Model:                  HYDE                           Country domain                 SKU:  FCC        Date:20181203                                           
#2G CCK11b 1~11    OFDM_11g Rate 6 ~ 54        HT20 Rate  MCS 0 ~ 15                HT40 Rate  MCS 0 ~ 15               
#    |        |# |   OFDM 6 ~ 54      |  |                  HT20 MCS 0 ~ 15           |  |                 HT40 MCS 0 ~ 15            |
ch1 20 20 20 20 16 16 16 16 16 16 16 16 16 16 16 16 16 16 16 16 16 16 16 16 16 16 16 16                
ch2 20 20 20 20 19 19 19 19 18 18 17 16 19 19 19 19 19 17 16 16 19 19 19 19 19 17 16 16                
ch3 20 20 20 20 20 20 19 19 18 18 17 16 20 20 20 19 19 17 16 16 20 20 20 19 19 17 16 16 12 12 12 12 12 12 12 12 12 12 12 12 12 12 12 12
ch4 20 20 20 20 20 20 19 19 18 18 17 16 20 20 20 19 19 17 16 16 20 20 20 19 19 17 16 16 13 13 13 13 13 13 13 13 13 13 13 13 13 13 13 13
ch5 20 20 20 20 20 20 19 19 18 18 17 16 20 20 20 19 19 17 16 16 20 20 20 19 19 17 16 16 15 15 15 15 15 15 15 15 15 15 15 15 15 15 15 15
ch6 20 20 20 20 20 20 19 19 18 18 17 16 20 20 20 19 19 17 16 16 20 20 20 19 19 17 16 16 17 17 17 17 17 17 16 16 17 17 17 17 17 17 16 16
ch7 20 20 20 20 20 20 19 19 18 18 17 16 20 20 20 19 19 17 16 16 20 20 20 19 19 17 16 16 15 15 15 15 15 15 15 15 15 15 15 15 15 15 15 15
ch8 20 20 20 20 20 20 19 19 18 18 17 16 20 20 20 19 19 17 16 16 20 20 20 19 19 17 16 16 13 13 13 13 13 13 13 13 13 13 13 13 13 13 13 13
ch9 20 20 20 20 20 20 19 19 18 18 17 16 19 19 19 19 19 17 16 16 19 19 19 19 19 17 16 16 12 12 12 12 12 12 12 12 12 12 12 12 12 12 12 12
ch10 20 20 20 20 19 19 19 19 18 18 17 16 19 19 19 19 19 17 16 16 19 19 19 19 19 17 16 16                
ch11 20 20 20 20 16 16 16 16 16 16 16 16 15 15 15 15 15 15 15 15 15 15 15 15 15 15 15 15                
